30769 -1 -1 -1 -1 -1 -1 -1 -1 -1 -1 -1 -1 -1 -1 -1 -1 -1 -1 -1 -1 -1 -1 -1 -1 -1 -1 -1 -1 -1 -1 -1 -1 -1 -1 -1 -1 -1 -1 -1 -1 -1 -1 -1 -1 -1 -1 -1 -1 -1 -1 -1 -1 -1 -1 -1 -1 39216 39216 39470 39395 39395 39395 39324 39252 39285 39285 35729 35729 35729 35729 35729 35492 35492 -1 -1 -1 -1 -1 -1 -1 -1 -1 -1 -1 -1 -1 -1 -1 -1 -1 -1 -1 -1 -1 -1 -1 -1 -1 -1 -1 -1 -1 -1 -1 -1 -1 -1 -1 -1 -1 -1 -1 -1 -1 -1 -1 -1 -1 -1 -1 -1 -1 -1 -1 -1 -1 -1 -1 -1 -1 -1 -1 -1 -1 -1 -1 -1 -1 -1 -1 -1 -1 -1 -1 -1 -1 -1 -1 -1 -1 -1 -1 -1 -1 -1 -1 -1 -1 -1 -1 -1 -1 -1 -1 -1 26992 26992 26992 26992 26992 26992 26992
17999 17999 -1 19700 19700 19700 19700 19700 -1 -1 17495 -1 -1 16800 16800 17999 17999 -1 -1 -1 -1 -1 -1 -1 -1 -1 -1 -1 19399 -1 -1 -1 -1 -1 18999 18999 18999 18999 18999 18999 -1 -1 -1 -1 18500 -1 -1 -1 17995 17995 17995 18499 -1 18499 18499 18499 17799 17799 -1 -1 -1 -1 -1 -1 -1 18499 18499 -1 -1 -1 -1 -1 -1 -1 -1 17499 -1 -1 -1 -1 -1 18799 18799 16000 16000 16000 16000 16000 16000 16000 16000 16000 16000 16000 16000 16000 16000 16000 16000 16000 16998 16998 16998 16998 16998 16998 16998 15999 15999 15999 15999 -1 -1 -1
18459 18459 18459 18459 18459 18459 18459 18459 18459 18459 18459 18459 18459 18459 18459 18459 18459 18459 18459 18459 18459 18459 18459 18459 18459 18459 18459 18459 18459 18459 18459 18459 18459 18459 18459 18459 18459 18459 18459 18459 18459 18459 18459 18459 18459 18459 18459 18459 18459 18459 18459 18459 18459 18459 18459 18459 18459 18459 17536 17536 17536 17536 17536 17536 17536 17536 17536 17536 17536 17536 17536 17536 17536 17536 14536 14536 14536 14536 14536 14536 17536 17536 17536 17536 17536 17536 15436 15436 15436 15436 15436 15436 15436 15436 15436 15436 15436 15436 15436 15436 15436 15436 15436 15436 15436 15436 15436 15436 15436 15436 15436 15436 15436 15436
49999 -1 -1 -1 -1 -1 -1 -1 -1 -1 -1 -1 -1 -1 -1 -1 -1 -1 -1 -1 -1 -1 -1 95800 95800 95800 95800 95800 95800 95800 95800 95800 95800 95800 95800 95800 95800 95800 95800 95800 95800 95800 95800 95800 95800 95800 95800 99632 99632 69999 95800 95800 95800 95800 95800 95800 95800 95800 95800 95800 95800 95800 95800 95800 95800 95800 95800 95800 95800 94900 94900 94900 94900 94900 94900 94900 94900 94900 94900 94900 94900 94900 94900 94900 94900 94900 94900 94900 94900 94900 94900 94900 94900 94900 94900 94900 94900 94900 94900 94900 94900 94900 94900 94900 94900 94900 94900
50999 50999 50999 49999 49999 49999 49999 47999 47999 47999 47999 47999 47999 47999 43999 43999 42999 42999 42999 42999 42999 42999 42999 42999 42999 42999 42999 42999 42999 42999 42999 42999 42999 65999 65999 65999 65999 65999 65999 65999 65999 65999 65999 65999 65999 65999 65999 65999 65999 65999 65963 65963 65963 65963 65963 65963 65963 65363 65363 65363 65363 65363 65363 65363 65363 65363 65363 65363 64763 64763 64763 44066
7000 7000 8950 8950 8950 8950 8950 8950 8950 8950 8950 9000 9000 9000 9000 9000 9000 9000 9000 9000 9000 7950 7950 9999 9999 9300 9300 9300 9300 9300 9300 8995 8900 8900 8900 8900 8900 8900 8900 8900 8900 8900 9000 9000 9000 9000 7100 7000 8999 7955 8400 7200 9000 7200 9500 9500 9500 9500 9500 9500 9500 9500 9500 9500 9500 9500 9500 9500 9500 9500
24995 24995 24995 24995 24995 24995 24995 24995 24995 24995 24995 24995 24995 24995 24995 24995 24995 24995 24995 24995 24995 24995 24995 24995 24995 24995 24995 24995 24995 24995 24995 24995 24995 24995 24995 24995 24995 24995 24995 24995 24995 24995 24995 24995 24995 24995 24995 24995 24995 24995 24995 24995 24995 24995 24995 24995 24995 24995 24995 24995 24995 24995 24995 24995 24995 24995 24995 24995 24995 24995 24995 24995 24995 24995 24995 24995 24995 24995 24995 24995 24995 24995 24995 24995 24995 24995 24995 24995 24995 24995 24995 24995 24995 24995 24995 24995 24995 24995 24995 24995 24995 24995 24995 24995 24995 24995 24995 24995 24995 24995 24995 24995 24995 24995 24995
36000 36000 36000 36000 36000 36000 36000 36000 36000 36000 36000 36000 36000 36000
11000 11000 11000 11000 11000 11000 11000 11000 11000 11000 11000 11000 11000 11000 11000 11000 11000 11000 12500 12500 12500 12500 12500 12500 12500 -1 -1 -1 -1 -1 -1 -1 -1 -1 -1 -1 -1 -1 -1 -1 -1 -1 -1 -1 -1 -1 -1 -1 -1 -1 -1 -1 -1 -1 -1 -1 -1 -1 -1 -1 -1 -1 -1 -1 -1 -1 -1 -1 -1 -1 -1 -1 -1 -1 -1 -1 -1 -1 -1 -1 -1 -1 -1 -1 -1 -1 -1 -1 -1 -1 11999 11999 11999 11999 11999 11999 11999 11999 11999 11999 11999 11999 11999 11999 11999 11999 11999 11999 11999 11999 11999 11999 11999 11999 11999 11999 11999 11999 11999 11999 11999 11999 11999 11999 11999 11999 11999 11999 11999 11999 11999 11999 11999 11999 11999 11999 11999 11999 11999 11999
90199 90199 90199 90199 90199 89722 89722 89722 89722 89722 89722 89722 87963 87963 87963 87963 87963 87963 89722 89722 89722 89722 89722 89722 89722 89722 67282 67282 67282 67282 67282 67282 67282 67282 67282 67282 67282 65963 65963 65963 65963 65963 65963 65963 65963 65963 65963 65963 65963 65963 65963 54963 54963 54963 54963 54963 54963 54963 54963 54963 54963 54963 54963 52995
39499 39499 39499 39499 39499 39499 39499 39499 39499 39499 39499 39499 39499
34999 34999 34999 34999 34999 34999 34999 34999 34999 34999 34999 34999 34999 34999 34999 34999 34999 34999 34999 34999 34999 34999 34999 34999 34999 34999 34999 34999 34999 34999 34999 34999 34999 34999 34999 34999 34999 42999 42999 42999 42999 42999 42999 42999 42999 42999 42999 42999 42999 42999 42999 42999 42999 42999 42999 42999 42999 42999 42999 42999 42999 42999 42999 42999 42999 42999 42999 42999 42999 42999 42999 42999 42999 42999 42999 42999 42999 42999 42999 42999 42999 42999 42999 42999 42999 42999 42999 42999 42999 45000 45000 45000 45000 45000 45000 45000 45000 45000 45000 45000 45000 45000 45000 45000 45000 45000 45000 45000 45000 45000 45000 45000 45000
65098 -1 -1 -1 -1 -1 -1 -1 -1 -1 -1 -1 -1 -1 -1 -1 -1 -1 -1 -1 -1 -1 -1 -1 -1 -1 -1 -1 -1 -1 -1 -1 -1 -1 -1 -1 -1 -1 -1 -1 -1 -1 -1 -1 -1 -1 -1 -1 -1 -1 -1 -1 -1 -1 -1 -1 -1 -1 -1 -1 -1 -1 -1 -1 -1 -1 -1 -1 -1 -1 -1 -1 -1 -1 -1 -1 -1 -1 64000 63000
21000 21000 21000 21000 21000 21000 21000 21000 21000 21000 21000 20500 20500 20500 20500 20500 20500 -1 -1 -1 -1 -1 28995 27995 27995 27995 27995 28995 28995 28995 28995 28995 28995 27995 27995 27995 27995 27995 27995 26995 26995 18499 18499 18499 18499 11999 11999 11999 11999 11999 11999 11999 11999 11999 11999 11999 11999 11999 11999 11999 11999 11999 11999 11999 11999 11999 11999 11999 11999 11999 11999 11999 11999 11999 11999 11999 11999 11999 11999 11999 11999 11999 -1 32500 21999 21999 21999 21999 21999 -1 -1 -1 17500 17500 -1 -1 -1 -1 -1 -1 -1 -1 -1 -1 -1 -1 -1 -1 -1 -1 -1 -1 -1 -1 -1 -1 -1 -1 -1 -1 -1 -1 -1 -1 32500 32500 32500 32500 32500 32500 32500
9999 9999 9999 9999 9999 9999 9999 9999 -1 9999 -1 -1 -1 9999 9999 9999 9999 9999 9999 9999 9999 9999 9999 9999 9999 9999 9999 9999 9999 9999 9999 9999 9999 9999 9999 9999 9999 9999 9999 9999 9999 9999 9999 9999 9999 9999 9999 9999 9999 9999 9999 9999 9999 9999 9999 9999 9999 9999 9999 9999 9999 9999 9999 9999 9999 9999 9999 9999 9999 9999 9999 9999 9999 9999 9999 9999 9999 9999 9999 9999 9999 9999 9999 9999 9999 9999 9999 9999 9999 9999
4900 -1 -1 -1 -1 -1 -1 -1 -1 -1 -1 -1 -1 -1 -1 -1 -1 -1 -1 -1 -1 -1 -1 -1 -1 -1 -1 -1 -1 -1 -1 -1 -1 -1 -1 -1 -1 -1 -1 -1 -1 -1 -1 -1 -1 5999 5999 5999 5999 5999 5999 5000 5000 5000 5000 -1 -1 -1 -1 -1 -1 -1 -1 -1 -1 -1 -1 -1 -1 -1 -1 -1 -1 -1 -1 5300 4999 4999 4999 4999
5906 5906 5906 5906 5906 5906 5906 5906 5999 5999 5999 5999 5999 5999 5999 5999 5999 5999 5999 5999 5999 5999 5999 5999 5999 5999 5999
3900 3900 3900 3900 3900 3900 3900 3900 3900 3900 3900 3900 3900 3900 3900 3900 3900
10377 10377 10377 10377 10377 10377 10377 10377 10377 10377 10377 10377 10377 10377 10377 10377 10377 10377 10377 10377 10377 10377 10377 10377 10377 9267 9267 9267 9267 10640 -1 -1 -1 -1 -1 10433 10433 10433 10433 10433 10433 10433 10433 10433 10433 10433 -1 -1 -1 -1 -1 -1 -1 -1 -1 -1 -1 -1 -1 -1 -1 -1 -1 -1 -1 -1 -1 -1 -1 -1 -1 -1 -1 -1 -1 -1 -1 -1 -1 -1 -1 -1 -1 -1 -1 11758 11758 11758 11758 11758 11758 10433 10433 10433 10433 10433 10433 10433 10433 10433 10433 10433 10433 10433 10433 10433 10433 10433 10433 10433 10433 10433 10433 10433 10433 10433 10433 10433 10433 10433
18999 18999 18999 18999 18999 18999 18999 18999 18999 18999 18999 18999 18999 17999 17999 17999 17999 17999 17999 17999 17999 17999 17999 17999 17999 17999 -1 -1 -1 -1 -1 -1 -1 -1 -1 -1 -1 -1 -1 -1 -1 -1 -1 -1 -1 -1 -1 -1 -1 -1 -1 -1 -1 26999 26999 26999 26999 26999 26999 26999 26999 26999 26999 26999 26999 26999 26999 26999 26999 26999 26999 26999 25999 25999 24999 24999 24999 24999 24999 24999 24999 24999 24999 24999 24999 24999 24999 24999 24999 24999 24999 24999 24999 -1 -1 -1 -1 -1 -1 -1 -1 -1 -1 -1 -1 -1 -1 -1 -1 -1 -1 -1 -1 -1 -1 -1 -1 -1 -1 -1 -1 -1 -1 -1 -1 -1 -1 -1 -1 -1 -1 -1 -1 -1 -1 -1 -1 -1 -1 -1 -1 -1
14999 14999 14999 14999 14999 14999 14999 14999 14999 14999 14999 14999 14999 14999 14999 14999 14999 14999 14999 14999 14999 14999 14999 14999 14999 14999 14999 14999 14999 14999 14999 14999 14999 14999
15000 15000 15000 15000 15000 15000 15000 15000 15000 15000 14997 14997 14997 14997 14997 14997 14394 13994 13994 13000 13000 13000 13000 13000 14994 12530 14994 14994 13894 14319 14994 14494 14494 14494 14994 14994 14994 14994 14994 14994 14994 14994 14994 14994 14994
18297 18297 18297 18297 -1 -1 -1 -1 -1 -1 -1 -1 -1 -1 -1 -1 -1 -1 -1 -1 18297 18297 18297 18297 18297 18297 18297 20958 20958 9450 9450 8950 8950 8950 8950 8950 8950 8950 8950 8950 8950 8950 8950 8950 8950 8950 8950 8950 8950 7480 7480 7480 7480 7480 7480 7480 8100 8100 8100 8100 8100 10600 10600 10600 10600 10600 10600 7499 7499
17200 -1 -1 17200 -1 16120 -1 -1 17200 -1 -1 17200 17200 17200 17200 17200 17200 17200 17200 17200 -1 -1 17200 17200 17200 17200 17200 17200 17200 17200 17200 17200 17200 17200 17200 15040 15040 15040 15040 15040 16194 -1 -1 -1 -1 -1 -1 -1 -1 -1 -1 -1 -1 -1 -1 -1 -1 7093 7093 7093 7108 7108 7117 7160 7202 7202 7202 7202 7228 7228 7228 7228 7228 10536 10028 10028 10028 10028 10028 10028 10246 10246 10246 10246 10246 10246 10246 10246 9736 9736 9736 -1 -1 -1 -1 9736 9736 8499 8499 8499 8499 8499 8499 8499 8499 8499 8499 8499 8499 7499 7499 7499 7499 7499 7499 7499 -1 -1 -1 -1 -1 -1 -1 -1 -1 -1 -1 -1 -1 -1 -1 -1 -1 -1 -1 -1 -1 -1 -1 12299
24878 24878 24878 24878 -1 -1 -1 -1 -1 -1 -1 -1 -1 -1 -1 -1 -1 -1 -1 -1 24530 24530 24530 24530 24530 24530 24530 28150 31738 31738 31738 31738 31738 31738 31738 31738 28552 28552 28552 31738 28552 28552 28552 28000 28000 28000 28000 28000 28000 28000 28000 28000 28000 28000 28000 28552 -1 -1 -1 -1 -1 -1 -1 -1 -1 -1 -1 -1 -1 -1 -1 -1 -1 -1 -1 -1 -1 -1 -1 -1 -1 -1 -1 -1 -1 -1 -1 -1 -1 -1 -1 -1 -1 -1 -1 -1 -1 -1 -1 -1 -1 29650 29650 29650 29650 29650 12999 12999 12999 12999 12999 12999 12999 12999 12999 12999 12999 12999 12999 12999 12999 12999 12999 12999 12999 12999 12999 12999 12999 12999 12999 12999 11999 11999 11999 11999 11999 11999 11999 11499 11499 11499 11499 11499 11499 11499
3295 3295 3295 3295 3295 3295 3262 3262 3262 3262 3262 3262 3262 3262 3262 3262 3262 3262 3262 3262 3262 3262 3262 3262 3262 3262 3262 3262 3262 3262 3262 3262 3262 3262 3262 3262 3262 3262 3262 3262 3262 3262 3262 3262 3262 3262 3262 3262 3262 3262 3262 3262 3262 3262 3262 3262 3262 3262 3262 3262 3262 3262 3262 3262 3262 3262 3262 3262 3262 -1 -1 -1 -1 -1 -1 2995
5099 5099 5099 5099 5099 5099 5099 5099 5099 5099 5099 5099 5099 5099 5064 5064 5064 5064 5064 -1 -1 -1 -1 5064 5064 5064 5064 5064 5064 5064 5064 -1 -1 -1 -1 -1 -1 -1 -1 -1 -1 -1 -1 -1 -1 -1 -1 -1 -1 -1 -1 5064 5064 5064 5064 5601 5601 5601 5601 5601 5601 5601 5601 5601 5601 5601 5601 -1 5601 5601 5601 5426 3995 5426 5426 -1 11755 11755 15900 -1 -1 15900 -1 15900 15900 15900 -1 15900 -1
9595 9595 9595 9595 9595 9595 9595 9595 9595 9595 9595 9595 9595 9595 9595 9595 9595 9595 9595 9595 9595 9595 9595 9595 9595 9595 9595 9595 9595 9595 9595 9595 9595 9595 9595 9595 9595 9595 9595 9595 9595 9595 9595 9595 9595 9595 9595 9595 9595 9595 9600 9600 9600 9600 9600 9600 9600 17112 17112 17112 17112 9999 9999 9999 9999 9999 9999 9999 9999 9999 9999 9999 9999 9999 9999 9999 9999 9999 8500 8500 8500 8500 8500 8500 8500 8500 8500 8500 8500 8500 8500 8500 8500 8500 8500 8500 8500 8500 8500 8500 8500 8500 9895 9895 9895 9895 9895 9895 9895 9895 9895 9895 9600 9600 9600 9600 9600 9600 9600 9600 9600 9600 9600 9600 9600 9600 9600 9600 9600 9600
7120 7120 7120 7120 7120 7120 7120 7120 7120 7120 7120 7120 7120 7120 7120 7120 7120 7120 7120 7120 7120 7120 7120 7120 7120 7120 7120 7120 7120 7495 7495 7495 7495 7495 7495 7495 7495 7495 7495 7495 7495 7495 7495 7495 7495 7495 7495 7495 7495 6995 6995 6995 6995 6995 6995 6995 6995 6995 6995 6995 6995 6995 6995 6995 6995 6995 6995 6995 6995 6995 6995 6995 6995 6995 6995 6995 6995 6995 6995 6995 6995 -1 -1 -1 -1 -1 -1 -1 -1 -1 -1 -1 -1 -1 -1 -1 -1 6995 6995 6995 6995 6995 6995 6995 6995 6995 6995 6995 -1 7495 7495 7495 7495 7495 7495 7495 7495 6995 6995 7495 7495 7495 7495 7495 7495 7495 6995 6995
13116 10493 10493 10493 10493 10493 10493 10493 10493 10493 10493 10493 10493 10493 10493 10493 10493 10493 10493 10493 10493 10493 10493 13116 9181 9181 9181 9181 9181 9181 6558 6558 16999 16999 16999 16999 16999 16999 16999 16999 16999 16999 -1 -1 -1 -1 -1 -1 16999 16999 16999 16999 16999 16999 16999 16999 16999 16999 16999 16999 16999 16999 16999 16999 16999 16999 16999 -1 -1 -1 -1 -1 -1 -1 16999 16999 16999 16999 16999 -1 -1 -1 -1 -1 -1 -1 16999 16999 16999 16999 16999 16999 16999
15999 15999 15999 15999 15999 15999 15999 15999 15999 13299 13299 13299 13299 13299 -1 13299 13299 -1 13299 13299 13299 -1 -1 13299 13299 13299 13299 -1 -1 13299 -1 13299 -1 13299 13299 -1 13299 13299 13299 13299 13299 13299 13299 13299 13299 13299 13299 13299 13299 13299 13299 11999 11999 11999 11999 11999 11999 11999 11999 11999 11999 11999 11999 11999 11999 11999 11999 11999 11999 11999 11999 11999 11999 11999 11999 11999 11999 11999 11999 11999 11999 11999 11999 11999 10999 10999 10999 10999 10999 10999 10999 10999 10999 10999 10999 10999 11999 11999 11999 11999 11999 11999 11999 11999 11999 11999 11999 11999 11999 11999 11999 11999 11999 15900 15900 15900 15900 15900 15900
7998 7998 7998 7998 7998 7998 7998 7998 7998 7998 7998 7998 7998 7998 7998 7998 6998 6998 6998 6998 6998 6998 6998 6998 6998 6998 6998 6998 6998 6998 6998 6998 6998 6998 6998 6998
26153 26153 26153 26153 26153 26153 26153 26153 26153 26153 26153 26153 26153 26153 26153 26153 26153 26153 26153 26153 26153 26153 26153 26153 26153 26153 26153 26153 22411 22411 22411 22411 22411 22411 22411 22411 22411 22411 22411 22411 22411 22411 22411 22411 22411 22411 22411 22411 22411 22411 22411 22411 22411 22411 22411 22411 22411 22411 22411 22411 22411 22411 22411 22411 22411 22411 22411 22411 22411 22411 22411 22411 22411 22411 22411 22411 22411 22411 22411 22411 22411 22411 22411 22411 22411 22411 22411 22411 22411 22411 22411 22411 22411 22411 22411 22411 22411 22411 22411 22411 22411 22411 22411 22411 22411 22411 22411 22411 22411 22411 22411 22411 22411 22411 22411 22411 22411 22411 22411 22411 22411 22411 22411 22411 22411 22411 22411 22411 22411 22411 22411
58375 58375 56296 56296 56296 56296 56296 56296 56296 56296 56296 67356 67356 67356 67356 67356 67356 67356 67356 67356 67356 -1 -1 -1 67356 67356 67356 -1 -1 -1 -1 -1 -1 -1 -1 -1 -1 -1 -1 -1 -1 -1 -1 -1 -1 -1 109845 109845 69850 84749 84749 84749 84749 85805 85805 85805 85805 59999 59999 59999 49999 44999 44999 44999 44999 44999 44999 44999 44999 44999 44999 44999 44999 44999 44999 87519 81700 85412 85412 85412 85412 85412 85412 85412 84266 84266 84266 81876 81876 65500 50499 50499 50499 50499 50499 50499 50499 50499 50499 50499 50499 50499 50499 50499 50499 50499 50499 50499 50499 50499 50499 50499 50499 50499 50499 50499 50499 50499 50499 50499 50499 50499 50499 50499 50499 50499 50499 45999 46399 46399 46399 46399 46399 46399 50499 50499 43000 43000 43000 43000 40000 40000 40000 40000 40000 40000 40000 40000 40000 35000 35000 35000 35000 43000 43000 40799 43000 43000 38399 43000 38399
