16240 16240 16240 16240 18499 18499 18499 18499 18499 18499 18499 18499 18499 18499 18499 18499 18499 19499 19499 19499 19499 18499 18499 19495 18999 18399 19495 18999 18499 18499 18499 18499 17999 17999 19499 18499 17999 17999 17999 17999 18499 19499 19499 19499 18999 19499 19499 18999 19495 19495 19495 19499 19499 19499 19495 18499 18499 18499 18499 18499 18499 18200 18499 18499 17000 18999 18999 19499 19495 19495 17999 19499 17999 17695 17999 17999 17899 17899 17999 17999 16999 17499 16999 16999 16299 16799 16998 16998 16998 16998 16998 16998 16998 16998 16998 16998 16998 16998 16998 16998 16998 17099 16999 17999 17999 17999 17499 17499 17499 17499 17499 17499 17800 17800 17800
43995 43995 43995 43995 43995 43995 43995 43995 43995 43995 43995 43995 43995 43995 43995 43995 43995 43995 43995 43995 43995 43995 43995 43995 43995 43995 43995 43995 43995 43995 43995 43995 43995 43995 43995 43995 43995 43995 43995
14399 14399 14399 14399 14399 14399 14399 14399 14399 14399 14399 14399 14399 14399 14399 14399 14399 14399 14399 14399 14399 14399 14399 14399 14399 14399 14399 14399 14399 14399 14399 14399 14399 14399 14399 14399 14399 14399 14399 14399 14399 14399 14399 14399 14399 14399 14399 14399 14399 14399 14399 14399 14399 14399 14399 14399 14399 14399 14399 14399 14399 14399 14399 14399 14399 14399 14399 14399 14399 14399 14399 14399 14399 14399 14399 14399 14399 14399 14399 14399 14399 14399 14399 14399 14399 14399 14399 14399 14399 14399 14399 14399 14399 14399 14399 14399 14399 14399 14399 14399 14399 14399 14399 14399 14399 14399 14399 14399 14399 14399 14399 14399 14399 14399 14399 14399 14399 14399 21999 21999
23999 23999 23999 23999 23999 23999 23999 23999 23999 23999 23999 23999 23999 23999 23999 23999 23999 23999 23999 23999 23999 23999 23999 23999 32999 32999 32999 32999 32999 32999 32999 32999 32999 32999 32999 32999 32999 32999 32999 32999 32999 32999 32999 32999 32999 32999 32999 32999 32999 23999 23999 23999 23999 23999 23999 23999 23999 23999 23999 23999 23999 23999 23999 23999 23999 23999 23999 23999 23999 23999 23999 23999 23999 23999 23999 23999 23999 23999 23999 32999 32999 32999 32999 32999 32999 32999 32999 32999 32999 32999 32999 32999 32999 32999 32999 32999 32999 32999 32999 32999 32999 32999 32999 32999 32999 32999 32999 32999 32999
145761 145761 145761 145761 145761 145761 145761 145761 145761 161176 161176 161176 161176 161176 161176 161176 161176 161176 161176 161176 161176 161176 161176 161176 140500 140500 140500 140500 140500 140500 140500 140500 140500 140500 140500 161176 161176 161176 161176 161176 161176 161176 161176 161176 161176 161176 161176 161176 161176 161176 159652 159652 159652 143341 143341 143341 143341 143341 143341 143341 143341 143341 143341 143341 143341 143341 143341 143341 143341 143341 143341 143341 143341 143341 143341 143341 143341 143341 159652
13999 13999 13999 13999 12500 12500 12500 13300 13300 13000 13000 13000 13000 13000 13000 13000 13300 13300 13300 13300 13300 13300 13300 13300 13300 13300 13300 13300 13300 13300 13300 13300 13300 13300 13300 13300 13300 13300 13300 13300 13300 13300 13300 13300 13300 13300 13300 13300 13300 13300 13300 13300 13300 13300 12997 12997 12997 12997 12997 12997 12997 12997 12997 12997 12997 12997 12997 12997 12997 12997 12997 12997 14897 14897 14897 14897 14897 14897 14897 14897 14897 14000 14000 14000 14000 14000 14000 14000 14897 14897 14897 14897 14897 14897 14897 14897 14897 14897 14897 16099 16099 16099 16099 16099 16099 15938 15938 15938 15938 15938 15938 14700 14700 14700 14700 14700 14000 14000 16199 16799 16799 16799 16799 16799 16799 16799 16799 16799 16799 16799 16799 16799 16799 16799 16799 16799 16799 16799 16799 16799 16799 16799 16799 16799 16799 16799 16799 16799 16799 16799 16799 16799 16799 16799
16000 14300 14300 16494 16499 14800 16499 16499 14800 14200 16499 16499 16499 16499 16499 16499 14999 14999 14999 14999 14999 15994 16494 16499 16900 16900 16900 16900 16900 16900 16999 16995 16995 16995 15994 15994 16999 16999 16999 16800 16800 16999 16999 16999 16999 16900 16999 16999 16999 16999 16999
4500 4500 4500 4500 4500 4500 4299 4299 4299 3999 3999 3999 3999 3999 4308 4308 4482 4500 4500 4500 4500 4500 4500 4500 4500 4500 4500 4500 4500 4500 3500 3500 2800 2800 2800 2800 4499 4499 4499 4499 4499 4499 4499 4499 4499 4499 4499 4000 4000 4000 4000 4000 4000 4499 4499 4499 4499 4499 4499 4399 4399 4399 4399 4399 4399 4399 4399 4399 4399 4099 4399 4399 4000 4000 4399 4399 4399 4399 4399 4399 4399 4399 4399 4399 4399 4399 4399 4399 4399 4399 4399 4399 4399 4399 4399 4399 4399 4399 4399 4399 4399 4499 4499 4499 4499 4499 4499 4499 4297 4297 4499 4499 4499 4499 4499 4499 4499 4875 4894 4399 4399 4399 3999 3999 3999 4399 4399
8995 8995 8995 8995 8995 8995 8995 8995 8995 8995 8995 8995 7488 8995 8995 8995 8995 8995 8995 8995 7995 7995 7995 7995 7995 7995 7995 7995 7995 10658 10702 9520 9520 10658 10658 10658 10658 10658 10658 10658 10658 10658 11883 10702 10702 10702 10702 10702 10702 17783 17783 11883 11883 11883 11883 11883 10652 10652 10702 10652 10652 10652 10652 11883 11883 10652 9520 9520 9520 9520 9520 9520 9520 9520 9520 9520 9520 9520 11883 11883 11883 11883 11883 11883 11883 10702 10702 10702 10702 10702 10702 10702 10697 9520 8000 8000 9520 9520 9520 9520 10702 10702 10702 10702 10702 10702 10702 10702 10689 10702 10702 10702 10702 17783 10689 10689 9520 9520 9520 10689 17783 17783 10689 10702 10689 10689 10702 10702
11350 11350 11350 11350 11350 11350 11350 11350 11350 11350 11350 11350 11350 11350 11294 11294 11294 11294 11294 11294 11294 11294 11290 11290 11290 11290 11290 11097 11097 11097 11097 11097 11097 11097 11097 11097 11097 11215 11215 11215 11215 11215 11215 11215 11215 11215 11215 11215 11215 11215 11215 11215 11215 11215 11215 11215 11215 11215 11215 11215 11215 11215 11215 11215 11215 11215 11215 11215 11215 11215 11215 11215 11215 11215
74900 69999 69999 69999 69999 69999 69999 69999 69999 69999 69998 69998 69998 69998 64998 64998 64998 64998 64998 64998 64998 64998 64998 59998 59998 59998 59998 59631 59631 59631 59631 59631 59631 59631 59631 59631 57831 57831 57831 57831 57831 57831 54000 69999 69999 69999 69999 69999 69999 69999 69999 69999 69999 69999 69999 69999 69999 69999 69999 69999 69999 69999 69999 69999 69999 69999 84588 84588
22464 22464 22464 22464 22464 22377 22377 22377 24578 23431 23431 23431 23431 23431 22728 22728 22728 22728 22728 22728 22728 22728 22728 22728 22728 22728 22728 22728 24306
21999 21999 21999 21999 21999 21999 21999 21999 21999 21999 21999 21999 21999 21999 21999 21999 21999 21999 21999 21999 21999 21999 21999 21999 21999 21999 21999 21999 21999 21999 21999 21999 21999 21999 21999 21999 21999 21999 21999 21999 21999 21999 21999 21999 21999 21999 21999 21999 21999 21999 21999 21999 21999 21999 21999 21999 21999 21999 21999 24999 24999 24999 24999 24999 24999 24999 24999 24999 24999 24999 24999 24999 24999 24999 24999 24999 24999 23488 23488
