67895 67895 66895 -1 -1 -1 -1 -1 -1 -1 -1 -1 -1 -1 -1 -1 -1 -1 -1 -1 -1 -1 -1 -1 -1 -1
59999 -1 -1 -1 -1 -1 -1 -1 -1 -1 -1 -1 -1 -1 -1 -1 -1 -1 -1 -1 -1 -1 -1 -1 -1 53900 53900 51939 51939 51939 51939 51939 51939 51939 51939 -1 -1 -1 -1 -1 -1 -1 -1 -1 -1 -1 -1 -1 -1 -1 -1 -1 -1 -1 -1 -1 -1 -1 -1 -1 -1 -1 -1 -1 -1 -1 -1 -1 -1 -1 -1 -1 -1 -1 -1 -1 -1 -1 -1 -1 -1 -1 -1 -1 -1 -1 -1 -1 -1 -1 -1 -1 -1 -1 -1 -1 -1 -1 -1 -1 -1 -1 -1 -1 52900 52900 52900 52900 50900 50900 50900 50900 49900 48900
59999 56999 54999 54999 52999 54999 53999 53999 52999 52999 52999 51999 51999 51999 51999 51999 51999 51999 51999 51999 51999 51999 51999 51999 51999 51999 51999 51999 51999 51999 51999 51999 51999 51999 51999 51999 51999 51999 51999 51999 51999 51999 -1 -1 -1 -1 -1 -1 -1 -1 51999 51999 51999 51999 51999 51999 51999 51999 51999 51999 51999 51999 51999 51999 51999 51999 51999 51999 51999 51999 47999 47999 44999 44999 44999 44999 44999 44999 44999 44999 44999 44999 44999 44999 44999 44999 44999 44999 44999 44999 44999 44999 44999 44999 44999 44999 44999 44999 44999 44999 44999 44999 44999 44999 44999 44999 44999 44999 44999 44999 44999 44999 44999 44999 44999 44999 44999 44999 44999 44999 44999 44999 44999 44999 44999 44999 44999 44999 44999 44999 44999 44999 -1 -1 -1 -1 -1 -1 -1 -1 -1 -1 -1 -1 -1 -1 44999
-1 -1 -1 -1 -1 -1 -1 -1 -1 -1 -1 37259 -1 -1 -1 -1 -1 35879 -1 -1 -1 -1 -1 -1 -1 -1 -1 -1 -1 -1 -1 -1 -1 -1 -1 -1 -1 36900 -1 -1 36800 36900 36900 36900 36900 36900 36900 36900 36900 36900 36900 36900 -1 -1 -1 -1 -1 -1 -1 -1 -1 -1 -1 -1 -1 -1 -1 -1 -1 36800 36800 -1 -1 -1 -1 -1 -1 -1 -1 -1 -1 -1 -1 -1 -1 -1 -1 -1 -1 -1 -1 -1 -1 -1 -1 -1 -1 -1 37900 37900 37900 37900 37900 37900 37900 37900 37900 37900 37900 37900 37900 37900 37799 37900 37900 37900 37900 37900 37900 37900 37900 37900 37900 37900 37900 37900 37900 -1 -1 -1 -1 -1 -1 37900 37900 37900 37900 37900 37900 37900 37900 37599 37900 37900 37900 34413 35978 37900 37900
49999 49999 49999 49999 49999 49999 49999 49999 49999 49999 49999 49999 49999 49999 49999 49999 49999 49999 49999 49999 49999 49999 49999 49999 49999 49999 49999 49999 49999 45900 45900 45900 45900 45900 45900 45899 45899 45899 45899 45899 45899 45899 45849 45849 45849 45849 45849
34900 31900 31900 31900 31900 30900 30900 30900 30900 30900 30900 30900 30900 30900 30900 30900 30900 30900 30900 30900 30900 30900 30900 30900 30900 30900 30900 30900 30900 30900 30900 30900 30900 30900 30900 29999 29999 29999 29999 31900 31900 31900 31900 31900 31900 31900 31900 31900 31900 31900 31900 31900 31900 31900 31900 31900 31900 31900 31900 31900 31900 31900 31900 31900 31900 31900 31900 31900 31900 31900 31900 31900 31900 31900 31900 31900 31900 31900 31900 31900 31900 31900 31900 31900 31900 31900 31900 31900 31900 31900 31900 31900 31900 31900 31900 31900 31900 -1 -1 -1 -1 -1 -1 -1 -1 -1 -1 -1 -1 -1 -1 -1 -1 -1 33900 33900 33900 33900 33900 33900 32900 32900 32900 32900 32900 32900 32900 32900 32900
21999 21999 -1 -1 -1 -1 -1 -1 -1 26999 26999 26999 26999 26999 26999 26999 26999 26999 26999 26999 26999 24599 24599 24599 26999 26999 26999 26999 26999 26999 26999 26999 26999 26999 26999 26999 27999 27999
16499 -1 16499 -1 -1 -1 -1 -1 -1 -1 -1 -1 -1 -1 -1 -1 -1 -1 -1 -1 -1 -1 -1 -1 -1 -1 -1 -1 -1 -1 19549 19549 19549 -1 -1 -1 -1 -1 -1 -1 -1 -1 -1 -1 -1 -1 -1 -1 -1 -1 -1 -1 -1 -1 -1 -1 -1 -1 -1 -1 -1 -1 -1 -1 -1 -1 -1 -1 -1 -1 -1 -1 -1 -1 -1 -1 -1 -1 -1 -1 -1 -1 -1 -1 -1 -1 -1 -1 -1 -1 -1 -1 -1 -1 -1 -1 -1 -1 -1 -1 -1 -1 -1 -1 -1 -1 -1 -1 -1 -1 -1 -1 -1 -1 -1 -1 -1 -1 -1 -1 -1 -1 -1 -1 -1 -1 -1 -1 -1 -1 -1 -1 21599 -1 -1 -1 -1 -1 -1 -1 21599
-1 -1 -1 -1 -1 -1 -1 -1 -1 -1 -1 -1 -1 -1 -1 9700 -1 -1 -1 -1 -1 -1 -1 -1 -1 -1 -1 -1 -1 -1 -1 12999 12999 12999 12999 12999 12999 -1 -1 -1 -1 -1 -1 -1 -1 -1 -1 -1 -1 -1 13000 13000 13000 -1 -1 -1 -1 -1 -1 -1 -1 -1 9999 9999 9999 9999 9999 -1 -1 12099 12099 12099 12099 12099 12099 12099 12099 12099 12099 12099 12099 12099 12099 12099 12099 12099 12099 12099 12099 12099 12099 12099 12099 12099 12099 12099 12099 12099 12099 9999 9999 9999 9999 9999 9999 9999 9999 9999 9500 9500 -1 -1 9500 -1 -1 -1 -1 -1 -1 -1 -1 -1 -1 -1 8499 8499 8499 8499 8499 8499 -1 9299 -1 -1 8499 -1 8499 -1 -1 -1 -1 -1 -1 -1 -1 -1 10699 10699 10699 10699 10699 10699 9499 9499 -1 -1 -1
119999 119999 119999 109999 109999 -1 -1 -1 -1 -1 -1 -1 -1 -1 -1 -1 -1 -1 -1 -1 -1 -1 -1 -1 -1 -1 -1 -1 -1 -1 -1 -1 -1 -1 -1 -1 -1 -1 -1 -1 -1 -1 -1 -1 -1 -1 -1 -1 -1 -1 -1 -1 -1 -1 -1 -1 -1 -1 -1 -1 -1 -1 -1 -1 -1 -1 -1 -1 -1 -1 -1 -1 -1 -1 -1 -1 -1 -1 -1 -1 -1 -1 -1 -1 -1 -1 -1 -1 101495 101495 101495 -1 -1 -1 -1 -1 -1 -1 -1 -1 -1 -1 -1 -1 -1 -1 -1 -1 -1 -1 -1 -1 -1 -1 -1 -1 -1 -1 -1 -1 -1 -1 -1 -1 -1 -1 -1 -1 -1 -1 -1 -1 -1 -1 -1 -1 -1 -1 -1 -1 -1 -1 -1 -1 -1 -1 -1 -1 -1 -1 -1 -1 -1 -1 -1 -1 -1 -1 79999 79999
-1 -1 -1 -1 -1 -1 -1 -1 -1 -1 -1 -1 -1 -1 -1 -1 119999 119999 119999 -1 -1 -1 -1 -1 -1 -1 -1 -1 -1 -1 -1 -1 -1 -1 -1 -1 -1 -1 -1 -1 -1 -1 -1 -1 -1 -1 -1 -1 -1 -1 -1 104969 104969 99969 -1 -1 -1 -1 -1 102995 -1 -1 -1 -1 -1 -1 -1 -1 -1 -1 -1 -1 -1 -1 -1 -1 -1 -1 -1 102995 -1 -1 -1 -1 -1 -1 -1 -1 -1 -1 -1 -1 -1 -1 -1 -1 -1 -1 -1 -1 -1 -1 -1 -1 -1 -1 -1 -1 -1 -1 -1 -1 -1 -1 94900 94900 94900 94900 94900 94900 94900 94900 94900 94900 94900 93565 92665 92665 92665 92665 92665 92665 92665 93565 81999 92495 92495 92495 92495 85495 83964 84764 84995 84995 84995 84995 79995 76995 76995 76995 86363 86363 86363 86363 86363 86363 86363 82499 82499 86363 -1 -1 -1 -1 -1 -1 87963 -1 -1 -1 87963 87963
139900 139900 138900 138900 129999 137900 135900 -1 -1 -1 -1 -1 -1 145999 144999 143999 -1 -1 139999 139999
200000 200000 200000 189900 189900 189900 189900 189900 189900 189900 189900 189900 -1 -1 -1 -1 -1
169900 169900 169900 169900 169900 169900 139900 139900 139900 139900 139900 139900 139900 139900 139900 139900 139900 -1 -1 -1 -1 -1 -1 -1 134999 134999 134999 134999 134999 -1 134999 134999 -1 134999 134999 134999 134999 -1 -1 -1 -1 -1 -1 -1 -1 -1 -1 -1 -1 -1 -1 -1 -1 -1 -1 -1 -1 -1 -1 -1 -1 -1 -1 -1 -1 -1 -1 -1 -1 134999 134999 134999 134999 134999 134999 134999 134999 114999 114999 114999 114999 114999 114999 114999 114999 114999 114999 114999 114900 114900 109966 109966 109966 104999 104999 104999 104999 99999 99999 109900 109900 109900 109900 109900 109900 109900 109900 109900 109900 109900 109900 109900 109900 109900 109900 109900 109900 109966 109966 109966 109966 109966 109966 109966 109966 120963 120963 120963 120963 120963 120963 120963 120963 120963 120963 120963 120963 120963 120963 120963 120963 120963 120963 120963 120963 120963 120963 120963 120963 120963 120963 82704 120963 120963 120963 120963
140008 -1 -1 -1 -1 -1 -1 -1 -1 -1 -1 -1 192999 192599 192099 191599 -1 169900 169900 169900 169900 169900 169900 169900 169900 149900 169900 169246 169246 -1 169246 169246 169246 155000 155000 155000 155000 155000 199246 199246 199246 219246 219246 -1 -1 -1 174599 173999 170999 170599 -1 169999 169999 163999 163999 162999 -1 168999 162999 161999 160999 160599 -1 184999 184999 190999 190999 190999 190999 190999 190999 196999 -1 -1 -1 -1 -1 -1 -1 -1 -1 249999 249999 249999 249999 249999 249999 -1 -1 -1 -1 -1 -1 -1 -1 -1 -1 -1 -1 -1 -1 -1 -1 -1 -1 -1 -1 -1 -1 -1 -1 -1 -1 -1 -1 -1 -1 -1 -1 -1 -1 -1 -1 -1 -1 -1 -1 -1 -1 -1 -1 -1 -1 -1 -1 -1 -1 -1 -1 -1 -1 -1 -1 -1 -1 -1 -1 -1 -1 -1 148364 148364 148364 148364 148364 148364 148364 148364 148364 148364 148364 148364 148364
186900 186900 192900 192900 192900 192900 192900 192900 192900 192900 192900 192900 192900 192900 192900 192900 192900 192900 192900 192900 192900 192900 192900 192900 212900 212900 -1 -1 -1 -1 -1 -1 -1 -1 -1 -1 -1 -1 -1 -1 -1 -1 -1 -1 -1 -1 -1 -1 -1 -1 -1 -1 -1 -1 -1 -1 -1 -1 -1 -1 -1 -1 -1 -1 -1 -1 -1 -1 -1 -1 -1 -1 -1 -1 -1 -1 -1 -1 -1 -1 -1 -1 -1 -1 -1 -1 -1 -1 -1 -1 -1 -1 -1 -1 -1 -1 -1 -1 -1 -1 -1 -1 -1 -1 -1 -1 -1 164963 164963 164963 164963 164963 164963 164963 164963 164963 164963 164963 164963 164963 164963 164963 164963 164963 164963 164963 164963 164963 164963 164963 164963 149966 149966 149966 149966 149966 149966 149966 149966 149966 149966 149966 149966 149966 149966 149966 149966 149966 149966 149966 149966 149966 149966 149966 149966 149966 149966 149966 149966 149966 149966 149966 149966
-1 -1 -1 -1 -1 -1 -1 -1 -1 -1 -1 -1 -1 -1 -1 -1 -1 -1 -1 -1 -1 -1 -1 -1 -1 -1 -1 -1 -1 -1 -1 -1 -1 -1 -1 -1 -1 -1 -1 -1 -1 -1 -1 -1 -1 -1 -1 -1 -1 -1 -1 -1 -1 -1 -1 -1 -1 -1 -1 -1 -1 -1 -1 -1 -1 -1 -1 -1 -1 -1 -1 -1 -1 -1 -1 183832 -1 -1 183832 176479
107995 -1 -1 -1 -1 -1 -1 -1 -1 -1 -1 -1 -1 -1 -1 -1 -1 100000 94999 95000 -1 -1 -1 -1 -1 -1 87999 80999 79999 87400 87400 87400 87999 87999 81999 87999 -1 88000 -1 -1 79900 87999 85900 81900 82999 82999 83599 85850 84999 81900 79900 79900 79900 79499 79900 78500 75000 75000 79500 79900 77988 72900 77988 77300 75900 83499 83499 79500 77000 83499 83499 81999 81999 83499 81999 74900 86995 87900 79999 83499 81900 81900 81900 78900 79500 81900 83995 -1 -1 79900 82400 82400 82400 75899 77997 74500 82400 82400 73499 78900
136999 136999 -1 -1 -1 -1 -1 -1 -1 -1 -1 -1 -1 -1 -1 -1 -1 -1 -1 -1 -1 -1 -1 -1 -1 -1 -1 -1 -1 -1 -1 -1 -1 -1 -1 -1 -1 -1 -1 -1 104999 -1 -1 -1 -1 -1 -1 -1 -1 -1 -1 -1 -1 -1 -1 -1 -1 107900 -1 -1 -1 -1 -1 119999 111499 119999
228800 228800 228800 -1 -1 189999 189999 189999 189999 -1 -1 -1 -1 -1 -1 189999 189999 189999 184900 179999 -1 -1 -1 -1 -1 -1 184900 184900 -1 -1 -1 -1 -1 -1 -1 -1 -1 -1 -1 -1 179023 -1 180000
-1 -1 -1 -1 -1 -1 -1 105900 105900 105900 105900 105900 105900 -1 -1 -1 -1 -1 -1 -1 -1 -1 -1 -1 -1 -1 -1 -1 -1 -1 -1 -1 -1 -1 -1 -1 -1 -1 -1 -1 -1 -1 -1 -1 -1 -1 -1 -1 99999 99999 99999 99999 99999 99999 99999 99999 99999 99999 99999 99999 99999 99999 99999 99999 99999 99999 99999 99999 99999 99999 99999 -1 -1 -1 -1 -1 -1 -1
135000 -1 -1 -1 -1 -1 159900 159900 159900 -1 -1 -1 -1 -1 -1 -1 -1 -1 -1 -1 -1 -1 -1 -1 -1 -1 -1 -1 -1 -1 -1 -1 -1 -1 -1 -1 139635 -1 -1 -1 130239 130152 130152 130152 133571 139900
-1 -1 -1 -1 -1 -1 -1 -1 159999 167999 -1 -1 -1 167999 167999 167999 -1 -1 -1 -1 -1 -1 -1 -1 -1 -1 -1 -1 -1 -1 -1 -1 -1 -1 -1 -1 -1 -1 -1 -1 -1 -1 -1 -1 -1 -1 -1 -1 -1 -1 -1 -1 -1 -1 -1 -1 -1 -1 -1 -1 -1 -1 -1 -1 -1 -1 -1 -1 -1 -1 -1 -1 -1 -1 -1 -1 -1 -1 -1 -1 -1 -1 -1 -1 -1 -1 -1 -1 -1 -1 -1 -1 -1 -1 -1 -1 -1 -1 -1 -1 -1 -1 -1 -1 -1 -1 -1 -1 -1 -1 -1 -1 -1 -1 -1 -1 -1 -1 -1 -1 -1 -1 -1 -1 -1 -1 -1 -1 -1 -1 -1 -1 -1 -1 -1 -1 -1 -1 -1 -1 -1 -1 -1 -1
-1 -1 -1 -1 -1 -1 -1 -1 -1 -1 -1 -1 -1 -1 -1 140999 -1 -1 -1 -1 -1 -1 -1 -1 -1 -1 -1 -1 -1 -1 -1 -1 -1 -1 -1 -1 -1 -1 -1 -1 -1 -1 -1 -1 -1 -1 -1 -1 -1 -1 -1 -1 -1 -1 -1 -1 -1 -1 -1 -1 -1 -1 -1 199999 199999 209999 214999 214999 219999 -1 -1 -1 -1 -1 -1 -1 -1 -1 -1 -1 -1 -1 -1 -1 -1 -1 -1 -1 -1 -1 -1 -1 -1 -1 -1 -1 -1 -1 -1 -1 -1 -1 -1 -1 -1 -1 -1 -1 -1 -1 -1 -1 -1 -1 -1 -1 -1 -1 -1 -1 -1 -1 -1 -1 -1 -1 -1 -1 -1 -1 -1 -1 -1 -1 -1 -1 -1 -1 -1 -1 -1 -1 -1 -1 -1 -1 -1 -1 -1 -1 -1 -1 -1 -1 -1 -1 -1 -1 -1 -1 -1 -1 -1 -1 -1
125499 125499 125499 125499 122499 129999 124999 119999 -1 -1 119999 119999 -1 -1 -1 -1 -1 -1 -1 -1 -1 -1 -1 -1 -1 -1 -1 -1 -1 -1 -1 -1 -1 -1 -1 -1 -1 -1 -1 -1 -1 -1 -1 -1 -1 -1 -1 -1 -1 -1 120963 120963 120963 120963 120963 120963 120963 120963 120963 120963 120963 120963 107966 107966 107966 107966 107966 107966 107966 107966 107966 89900 107966 107966 89900 89900 89900 107966 107966 107966 107966 107966 107966 107966 107966 107966 107966 107966 107966 107966 107966 107966 107966 88645 107966 107966 107966 107966 107966 107966 107966 107966 107966 109963 109963 109966 109966 109966 109966 91299 -1 93191 95083 -1
200000 200000 200000 200000 200000 200000 200000 200000 200000 200000 200000 -1 -1 -1 -1 -1 -1 -1 -1 -1 -1 -1 -1 -1 -1 -1 -1 -1 -1 -1 -1 -1 -1 -1 -1 -1 -1 -1 -1 -1 -1 -1 -1 -1 -1 -1 -1 -1 -1 -1 -1 -1 -1 -1 -1 -1 -1 -1 -1 -1 118966 118966 118966 118966 118966 118966 118966 118966 114966 -1 -1 -1 -1 -1 -1 -1 -1 -1 120963 120963 111966 111966 111966 111966 110900 110900 109966 109966 109966 109966 109966 109966 109966 109966 109966 109966 109966 109966 104966 104966 104966 104966 104966 104966 104966 104966 104966 104966 104966 104966 89999 83466 89999 89999 89999 89999 87999 87999 104966 104966 104966 104966 104966 104966 109966 109966 109966 109966 109966 109966 109966 109966 109966 109966 109966 109966 109966 109966 109966 109966 109966 109966 109966 100664 100664 100664 100664 100664 99714 88800 99714 99714
135000 135000 135000 145000 145000 -1 -1 -1 -1 -1 -1 -1 -1 -1 -1 -1 -1 -1 -1 259595 259595 259595 259595 -1 259595 259595 259595 259595 259595 259595 259595 259595 259595 259595 229900 229900 229900 -1 229900 229900 229900 219900 219900 219863 219863 219863 219863 219863 199966 199966 199966 199966 199966 197500 197500 199966 199966 199966 199966 199966 199966 197500 197500 197500 199966 199595 199595 199595 199595 199595 199966 199966 197963 197963 197963 197963 197963 197963 197963 197963 -1 -1 -1 -1 -1 -1 197963 197963 197963 197963 197963 197963 197595 197595 197595 197595 197595 197595 197595 197595 197595 197595 197595 197595 197595 197595 197595 197595 197595 174995 174995 174995 174995 174995 197963 174995 174995 174995 174995 197963 197963 197963 197963 197963 197963 197963 197963 197963 197963 197963 197963 197963 197963 197963 197963 197963 197963 197963 197963 197963 197963 197963 197963 197963 197963 197963 197963 197963 197963 197963 197963 197963 197963 197963 197963 197963 197963 197963 197963 197963 197963 197963 197963
265999 264999 263999 262999 259999 236999 235999 234999 233999 232999 231999 230999 230599 230099 229999 228999 227999 226999
111999 111999 111999 109999 109999 109999 109999 109999 109999 109999 109999 109799 109799 109799 109799 109799 109799 109799 109799 109799 109799 -1 -1 -1 -1 -1 -1 -1 -1 -1 -1 -1 -1 -1 -1 -1 -1 -1 -1 -1 -1 -1 -1 -1 -1 -1 -1 -1 -1 -1 -1 -1 -1 -1 -1 -1 -1 -1 -1 -1 -1 -1 100936 131963 115000 115000 110000 110000 110000 92999 110000 110000 91999 110000 110000 110000 110000 110000 110000 110000 110000 110000 110000 110000 110000 110000 84989 84989 84989 84989 82999 81999 84989 84989 84989 110000 110000 110000 110000 110000 110000 110000 110000 110000 110000 110000 110000 110000 110000 110000 110000 110000 110000 110000 110000 110000 110000 110000 110000 110000 110000 110000 110000 110000 110000 110000 110000 89599 89099 88599 88099
159900 159900 -1 -1 -1 -1 -1 -1 -1 -1 -1 -1 -1 -1 -1 -1 -1 -1 -1 -1 -1 -1 -1 -1 -1 -1 199999 199999 199999 199999 199999 -1 -1 -1 -1 -1 -1 -1 -1 -1 -1 -1 -1 -1 -1 -1 -1 -1 -1 -1 -1 -1 -1 -1 -1 -1 -1 -1 -1 -1 -1 -1 -1 -1 -1 -1 -1 -1 -1
184999 -1 -1 -1 -1 -1 -1 -1 -1 -1 -1 -1 -1 -1 -1 -1 -1 -1 -1 -1 -1 -1 -1 -1 -1 -1 199999
58886 58886 58886 58886 58886 58886 58886 58886 58886 58886 58886 58886 58886 58886 58886 58886 58886 58886 58886 58886 58886 58886 58886 58886 58886 58886 58886 58886 58886 58886 58886 58886 58886 58886 58886 58886 58886 58886 58886 58886 58886 58886 58886 58886 58886 58886 58886 58886 58886 58886 58886 58886 58886 58886 58886 58886 58886 58886 58886 58886 58886 58886 58886 58886 58886 58886 58886 58886 58886 58886 58886 58886 58886 58886 58886 58886 58886 58886 58886 58886 58886 58886 58886 58886 58886 58886 58886 58886 58886 58886 58886 58886
91999 -1 -1 -1 -1 -1 -1 -1 -1 -1 -1 -1 -1 -1 -1 -1 -1 -1 -1 -1 -1 -1 -1 -1 -1 -1 -1 -1 -1 -1 -1 -1 -1 -1 -1 -1 -1 -1 -1 -1 -1 -1 -1 -1 -1
129900 129900 129900 -1 -1 -1 -1 -1 -1 -1 -1 -1 -1 -1 -1 -1 -1 -1 -1 -1 -1 -1 -1 -1 -1 -1 -1 -1 -1 -1 -1 -1 -1 -1 -1 -1 -1 -1 -1 -1 -1 -1 -1 149900 149900 149900 149900 149900 184900 184900 184900 184900 184900 184900 184900 184900 184900 184900 184900 184900 184900 184900 184900 194900 193900 204900 204900 204900 204900 -1 -1 193900 193900 189900 -1 -1 -1 -1 -1 -1 -1 -1 -1 -1 -1 -1 -1 -1 -1 -1 -1 -1 -1 -1 -1 -1 -1 -1 171999 171999 171999 171999 171999 171999 171999 171999 171999 171999 171999 169995 169995 169995 169995 169995 169995 169995 171999 171999 171999 171999 171999 171999 171999 171999 171999 171999 171999 171999 171999 171999 171999 171999 171999 171999 171999 171999 171999 171999 171999 171999 171999 171999 171999 171999 171999 171999 -1 171999 -1 -1 -1 -1 171999 171999 171999 171999 171999 171999 171999 171999 171999 171999 129999 129999 129999 129999 129999 129999 129999 129999 129999 129999 129999
194900 -1 -1 -1 -1 -1 -1 -1 -1 -1 -1
111969 109969 109969 99969 -1 -1 -1 -1 -1 -1 -1 -1 -1 109999 -1 -1 -1 -1 -1 -1 -1 -1 -1 -1 -1 -1 -1 -1 -1 -1 -1 -1 -1 -1 -1 -1 -1 -1 -1 -1 -1 -1 -1 -1 -1 -1 -1 -1 -1 -1 -1 -1 -1 -1 -1 -1 -1 -1 -1 -1 -1 -1 -1 -1 -1 -1 -1 -1 -1 -1 -1 -1 -1 -1 -1 -1 90900 90900 90900 90900 90900 90900 90900 90900 90900 90900 89900 89900 89900 89900 89900 81900 81900 81900 -1 -1 -1 -1 -1 -1 -1 -1 -1 -1 -1 -1 -1 -1 -1 -1 -1 -1 -1 -1 -1 -1 -1 -1 -1 -1 -1 -1 -1 -1 -1 -1 -1 -1 -1 -1
89900 -1 -1 -1 -1 -1 -1 -1 -1 -1 -1 -1 -1 88999 -1 88599 88099 87599 -1 -1 83999 -1 82599 -1 -1 83999 83999 -1 -1 -1 82999 -1 81999 81999 -1 99999 99999
134999 130999 130499 129999 125999 120999 118999 117999 -1 120999 119999 -1 116999 -1 -1 -1 103999 -1 -1 -1 105999 -1 -1 -1 -1 107999 112999 116999 125999 128999 127999 126999 125999 124999 123999 143999 142999 141999 141999 140999 140999 140999 140599 140599 -1 140099 139999 131999 131999 131999 131999 131999 130999 130599 130099 139999 139999 139999 139999 139999 139599 139099 -1
134999 119900 119900 114999 114999 109999 109999 109999 109999 109999 109999 109999 109999 109999 109999 131995 131995 131995 131995 131995 131995 131995 131995 131995 -1 -1 -1 -1 -1 -1 -1 -1 -1 -1 -1 -1 -1 -1 -1 -1 -1 -1 -1 -1 -1 -1 119966 119966 119966 119966 119966 119966 119966 119966 119966 119966 109966 109966 109966 109966 109966 109966 109966 109966 108963 108963 108963 108963 108963 108963 108963 108963 108963 108963 108963 98539 108963 108963 108963 108963 107963 107963 107963 107963 107963 107963 107963 107963 107963 90247 107963 83512 107963 107963 107963 107963 107963 107963 107963 107963 107963 107963 107963 107963 107963 107963 107963 107963 107963 107963 107963 107963 107963 107963 107963 107963 107963 107963 79199 107963 107963 79199 106964 79199 106964 106964 79199 106964 106964 94525 106964
159966 159966 159966 159966 159966 159966 159966 159966 159966 159966 149966 149966 149966 149966 149966 149966 149966 149966 149966 149966 149966 149966 149966 149966 149966 149966 149966 149966 149966 149966 149966 149966 149966 149966 149966 149966 149966 149966 -1 -1 -1 -1 -1 169999 -1 -1 -1 -1 159966 159966 -1 -1 179966 179966 179966 179966 179966 179966 179966 179966 179966 179966 179966 179966 179966 179966 179966 179966 179966 179966 179966 179966 179966 -1 -1 -1 -1 -1 -1 -1 -1 -1 -1 -1 -1 -1 -1 -1 -1 -1 -1 -1 -1 -1 -1 -1 -1 -1 197963 196163 194363 194363 194363 194363 194363 194363 194363 194363 194363 194363 194363 194363 194363 194363 194363 194363 194363 194363 194363 194363 194363 194363 194363 194363 194363 194363 194363 194363 194363 194363 194363 194363 194363 194363 189966 189966 189966 189966 172763 172763 172763 172763 172763 172763 172763 172763 169966 169966 169966
-1 -1 -1 -1 -1 -1 -1 -1 -1 -1 -1 -1 -1 -1 -1 -1 -1 -1 -1 -1 -1 124999 124999 -1 -1 -1 -1 153963 153963 153963 153963 153963 153963 153963 153963 153963 153963 153963 -1 -1 -1 -1 153963 153963 153963 153963 153963 153963 152563 152563 152563
155294 153000 -1 -1 -1 -1 -1 -1 -1 -1 -1 -1 -1 -1 -1 -1 -1 -1 -1 -1 -1 -1 -1 -1 -1 -1 -1 -1 -1 -1 -1 -1 -1 -1 -1 -1 -1 -1 157999 157999 157999 157999 157999 157999 157999 157999 157999 157999 157999 157999 157999 149900 149900 -1 -1 -1 -1 -1 -1 -1 -1 -1 -1 -1 -1 -1 -1 -1 169500 -1 139999 139999 138900 134900 149999 138995 139999 139999 139999 134999 -1 -1 137995 134995 -1 -1 154995 136999 134949 133995 133995 133995 129999 129349 129999 124949 129999 127999 124995 124995 124995 118999 104999 103995 103995 119995 119995 119995 109995 109995 109995 109995 104995 102995 102995 102995 101995 99995 99995 97995 102995 102995 97995 97995 97995 103995 102995 102995 104995 104995 104995 104995 -1 -1 -1 -1 -1 -1 -1 -1 -1 -1 -1 -1 -1 -1 -1 -1 -1 -1 135999 134999 133999 127999 -1 127999 127999 -1 -1 -1 -1 131999 130999 130599 -1 -1 -1 -1
-1 -1 -1 135000 119999 119999 117500 115000 115000 119999 119999 119999 -1 -1 -1 -1 -1 115000 115000 115000 115000 -1 -1 -1 -1 -1 -1 -1 115000 115000 115000 115000 115000 115000 115000 112500 112500 112500 112500 112500 -1 -1 112500 112500 112500 112500 112500 112500 112500 112500 112500 -1 -1 -1 -1 -1 -1 -1 -1 -1 129900 -1 -1 -1 -1 -1 -1 -1 -1
213000 213000 213000 213000 213000 213000 213000 213000 213000 213000 213000 213000 213000 213000 213000 213000 213000 213000 213000 213000 213000 213000 213000 213000 213000 213000 213000 213000 213000 213000 213000
310000 -1 -1 -1 -1 -1 -1 -1 -1 -1 -1 -1 -1 -1 -1 -1 -1 348000 348000 -1 -1 348000 348000 348000 348000 348000 348000 348000 348000 348000 -1 -1 -1 -1 -1 -1 -1 -1 -1 -1 -1 -1 -1 -1 -1 -1 -1 -1 -1 -1 -1 -1 -1 -1 -1 -1 -1 -1 -1 258999 258999 258999 258999 258999 258999 258999 258999 258999 258999 258999 249900 249900 249900 249900 249900 258999 239999 239999 239999 239999 239999 258999 258999 249999 249999 249999 -1 -1 -1 -1 -1 -1 247995 247995 247995 247995 247995 247995 247995 247995 264995 264995 259999 259999 259999 259999 259999 -1 -1 -1
11199 11199 11199 11199 11199 11199 11199 11099 11199 11199 11199 11199 11199 11199 11199 11199 11199 11199 11199 11199 11299 11299 11299 11399 11399 11399 11399 11399 11399 11399 11399 11499 11499 11499 11499 11499 11699 11499 11499 11499 11499 11499 11699 11699 11499 11699 11699 11699 11699 11699 11499 11499 11499 11499 11499 11699 11699 11699 11699 11499 11499 11499 10099 10099 10099 10099 9999 9999 9999 5699 9999 9999 9899 9799 9799 9799 9799 6854 9899 9899 9899 9899 9899 9899 9799 9799 9799 9899 9899 9899 9899 9799 9699 9699 9699 9699 9699 9799 9699 9699 9699 9699 9699 9699 9599 9699 9699 9699 9699 9699 9699 9699 9699 9699 9799 11899 11899 11899 11799 11799 11799 11899 11799 11799 11799 11799 11799 11799 11799 11799 11799 11799 11799 11699 11699 11599 11599 11599 11599 11699 11699 11699 11699 11699 11699 11699 11699 11699 7175 7175 6895
15399 12690 -1 -1 -1 -1 -1 -1 -1 -1 -1 -1 -1 -1 -1 -1 -1 -1 -1 -1 -1 -1 -1 -1 -1 -1 -1 -1 -1 -1 -1 -1 -1 -1 -1 -1 -1 -1 -1 -1 -1 -1 -1 -1 -1 -1 -1 -1 -1 -1 -1 -1 -1 -1 -1 -1 -1 -1 -1 -1 -1 -1 -1 -1 10500 10500 10500 10500 10500 10500 10500 10500
20679 20679 20679 20679 20707 20707 20707 -1 -1 -1 -1 -1 -1 -1 -1 -1 -1 -1 -1 -1 -1 -1 -1 -1 -1 -1 -1 -1 -1 -1 -1 -1 -1 -1 -1 -1 -1 -1 -1 -1 -1 -1 -1 -1 -1 -1 -1 -1 -1 -1 -1 -1 -1 -1 -1 -1 -1 -1 -1 21972 -1 -1 -1 -1 -1 -1 -1 -1 -1 21972 21972 21068 21068
15453 15453 15453 15453 15453 15453 15453 15453 15453 15453 15453 15453 15453 15453 15453 15453 15453 15453 15453 15453 15453 15453 15453 15453 15453 15453 15453 15453 15453 15453 15453 15453 15453 15453 15453 15453 15453 15453 15453 15453 15453 15453 15453 15453 15453 15453 15453 15453 15453 15453 15453 15453 15453 15453 15453 15453 15453
30500 29399 29399 28799 28799 28799 28799 28799 27000 27000 27000 27000 27000 27000 26500 26500 26500 25999 25999 25999 25999 25999 25999 25999 25999 25999 25999 25999 24999 24999 24599 24599 23599 23599 23599 23099 23099 22099 22099 22099 22099 22099 22099 22099 21599 21099 21099 21099 21099 19999
21849 21849 -1 -1 -1 -1 -1 18479 -1 -1 -1 -1 -1 -1 18479 -1 -1 -1 -1 -1 -1 -1 19319 -1 -1 -1 -1 19319 15749 -1 -1 -1 -1 -1 -1 -1 -1 -1 19949 -1 -1 19086 -1 -1 -1 20589 -1 -1 -1 -1 17249 -1 21159 21159 19086 19086 20239 20239 20239 19949 17249 20239 20239 20846 20846 20846 -1 18749 21999 20846 21999 21999 21999 21999 18749 18749 21999 21999 21999 22999 21999 21999 22429 22999 22999 22999 22999 22999 21999 21999 22787 22787 22787 -1 -1 -1 18749 -1 -1 -1 18749 18479 18479 18479 -1 16094 -1 -1 -1 -1 -1 -1 -1 -1 -1 -1 -1 -1 -1 -1 18749 -1 -1 -1 -1 -1 17388 -1 -1 -1 -1 -1 -1 -1 -1 -1 -1 -1 -1 -1 -1 -1 20807 20807 20807 -1 -1 -1 -1 20807 -1 21313 22281 22281 18596 18596 18596 18596 18941 18941 18941 19372
44159 44159 44159 44159 -1 -1 -1 -1 -1 -1 -1 -1 -1 -1 -1 -1 -1 35999 42239 42239 42239 42239 -1 -1 -1 -1 -1 -1 -1 -1 -1 -1 -1 -1 -1 -1 -1 -1 -1 -1 -1 -1 -1 45297 42497 42497 -1 -1 -1 43506 43506 43506 43506 43506 43506 43165 43165 -1 -1 -1 -1 41601 41601 41601 -1 41601 42239 42239 42239 -1 -1 -1 35999 -1 -1 -1 -1 -1 -1 -1 -1 -1 -1 -1 35999 -1 -1 -1 -1 35999 -1 -1 -1 -1 -1 -1 -1 -1 -1 -1 -1 -1 -1 -1 -1 -1 -1 -1 -1 -1 -1 -1 -1 -1 -1 -1 -1 -1 -1 -1 -1 -1 -1 -1 -1 -1 -1 -1 -1 -1 -1 -1 -1 36695 -1 -1 -1 -1 -1 -1 -1 -1 -1 37415 37415 37415 37775 37415 37775 37775
-1 -1 -1 -1 -1 -1 -1 -1 -1 -1 -1 -1 -1 -1 -1 -1 -1 -1 -1 -1 -1 -1 -1 -1 -1 -1 -1 -1 35999 -1 -1 -1 -1 37871 -1 -1 -1 -1 -1 -1 -1 -1 -1 -1 -1 -1 -1 -1 -1 -1 -1 -1 -1 -1 -1 -1 -1 -1 -1 -1 -1 -1 -1 -1 -1 -1 -1 -1 28874 34649 34649 35265 -1 -1 -1 -1 -1 41895 41895 41895 41895 41895 41895 39895 39895 39895 39895 24749 39895 39895 39895 39895 27112 39895 35995 35995 35995 39895 39895 39895 39895 39895 39895 39895 39895 39895 39895 39895 39895 39895 33418 39895 39895 39895 38900 39895 39895 39895 39895 39895 39895 39895 39895 39895 39895 38995 38995 38995 38995 38995 35265 38995 38995 38995 38995 38995 38995 38995 32559 27749 32559 27727 26996 27152 31656 31653 30798 29918 29918
4749 4749 4749 -1 -1 -1 -1 -1 -1 -1 -1 -1 -1 -1 -1 -1 -1 -1 -1 -1 -1 -1 -1 -1 -1 -1 -1 -1 -1 5224 5224 -1 -1 -1 -1 -1 -1 -1 -1 -1 5059 5224 5224 5059 5059 5059 5059 5059 4875 -1 -1 -1 -1 -1 -1 -1 4773 4773 4773 -1 -1 -1 -1 5224 5224 5224 5224 -1 -1 -1 -1 -1 -1 -1 -1 -1 -1 -1 -1 -1 -1 -1 -1 4839 4839 -1 -1 -1 -1 -1 -1 -1 -1 -1 -1 -1 -1 -1 -1 -1 5059 -1 -1 -1 -1 -1 -1 4839 4839 4839 4839 4839 4839 4839 5059 5059 5059
6500 6500 6500 6500 6500 6500 6500 6500 6500 6500 6500 6500 6500 6500 6500 6500 6500 6500 6500 6500 6500 6500 6500 6500 6500 6500 6500 6500 6500 6500 6500 6500 6500 6500 6500 6500 -1 -1 -1 -1 6500 6500 6500 6500 6500 6500 6500 6500 6500 6500 6500 6500 6500 6500 6500 6500 6500 6500 6500 6500 6500 6500 6500 -1 -1 5354 -1 -1 -1 -1 -1 6899 6899 6899 6899 -1 6899 6899 6899 -1 -1 5624 -1 -1 -1 -1 -1 -1 -1 -1 5279 -1 7800 7800 7800 7800 7800 7800 7800 7800 7800 7800 7800 5279 7800 7800 5279 7800 7800 7800 7800 7800 7800 7800 7800 7800 7800 7800 6899 7800 7800 7800 7800 7800 7800 7800 7800 7800 7800 7800 7800 7800 7800 7800 7800 7800 7800 7800 7800 5279 7800 7800 6032 6032 6032 7800 7800 7800 5699 7800 7800 7800 7800 7800 5279 5279 7800 7800 7800 5279 7800 7800
12349 -1 -1 -1 -1 -1 -1 -1 -1 11959 -1 -1 -1 -1 -1 -1 -1 -1 -1 -1 -1 -1 -1 -1 -1 -1 -1 -1 -1 -1 -1 12349 -1 -1 -1 -1 -1 -1 -1 -1 12349 -1 -1 12349 -1 -1 12349 -1 -1 -1 -1 -1 -1 -1 -1 -1 -1 -1 -1 -1 -1 -1 -1 -1 -1 -1 -1 -1 9749 -1 -1 -1 -1 -1 12319 10499 -1 -1 -1 10119 13900 13900 13900 13900 13900 13900 13900 13900 12349 12349 13900 9965 13900 10251 13900 13900 10537 13900 13900 13900 13900 13900 13900 13900 13900 13900 13900 13900 13900 13900 13900 13900 13900 13900 13900 13900 13900 13900 13900 13900 13900 13900 13900 13900 13900 13900 13900 13900 13900 13900 13900 13900 13900 13900 13900 9521 13900 13900 13900 13900 13900 13900 9336 8152 13900 9565 8152 9794 13900 9676 9676 9962 13900
23459 23459 23459 23459 23459 -1 -1 -1 -1 22439 22439 -1 -1 23459 -1 22439 22439 -1 -1 -1 -1 -1 -1 -1 -1 -1 -1 -1 -1 -1 -1 -1 -1 -1 -1 -1 -1 -1 -1 -1 -1 -1 -1 -1 -1 -1 -1 -1 -1 -1 -1 -1 -1 -1 -1 -1 -1 -1 -1 -1 -1 -1 -1 -1 -1 -1 -1 -1 -1 -1 -1 -1 -1 -1 -1 -1 -1 -1 -1 -1 -1 -1 22439 22888 22888 22879 22879 22879 22879 22879 22879 22879 22879 22879 22206 22206 22206 22206 22206 22206 22206 22206 21533 21533 21533 21533 21533 21533 21533 21533 21533 20860 20860 20860 21808 22394 -1 -1 -1 -1 -1 -1 -1 -1 -1 -1 -1 -1 -1 22093 22093 22093 22093 22093 22093 18830 18830 18830 19212 19212
8799 8799 8799 8799 8799 8799 8799 8799 8799 8799 8799 8799 8799 8799 8799 8799 8799 8799 8799 8799 8403 8403 8403 8403 -1 -1 -1 -1 -1 -1 -1 -1 -1 -1 -1 -1 -1 -1 -1 -1 -1 -1 7312 7312 7312 7499 7499
-1 -1 -1 -1 -1 -1 -1 -1 -1 -1 -1 -1 -1 -1 -1 -1 -1 -1 -1 -1 -1 -1 5279 -1 -1 -1 -1 -1 -1 -1 -1 -1 -1 -1 -1 -1 -1 -1 -1 -1 -1 -1 -1 -1 -1 -1 -1 -1 -1 -1 -1 -1 -1 -1 -1 -1 -1 -1 -1 -1 -1 -1 -1 -1 -1 -1 -1 -1 -1 -1 -1 -1 -1 -1 -1 -1 -1 -1 -1
39979 39979 39979 -1 -1 -1 -1 -1 -1 -1 -1 -1 -1 -1 -1 -1 -1 -1 -1 -1 -1 -1 -1 -1 -1 -1 -1 -1 -1 -1 -1 -1 -1 -1 -1 -1 -1 -1 -1 -1 -1 -1 -1 -1 -1 -1 -1 -1 -1 -1 -1 -1 -1 -1 -1 -1 -1 -1 -1 -1 -1 -1 -1 -1 -1 -1 -1 -1 -1 -1 -1 -1 -1 -1 40579 40579 40579 40579
85359 85359 85359 85359 85359 85359 85359 85359 81091 81091 81091 81091 81091 81091 -1 -1 -1 -1 -1 -1 -1 -1 -1 -1 -1 -1 -1 -1 -1 -1 -1 -1 -1 -1 -1 -1 -1 -1 -1 -1 -1 -1 -1 -1 -1 -1 -1 -1 -1 -1 -1 -1 -1 -1 -1 -1 -1 -1 -1 -1 -1 -1 -1 -1 -1 -1 -1 -1 -1 -1 -1 -1 -1 -1 -1 -1 -1 -1 -1 -1 -1 -1 -1 -1 -1 -1 87542 87542 87542 87542 89385 89385 91228 91228 91228 91228 91228 91228 91228 91228 89385 89385 89385 89385 89385 89385 89385 -1 -1 -1 91228 91228 86598 86598 86598 86598 -1 -1 -1 -1 -1 -1 -1 -1 -1 -1 -1 -1 -1 -1 -1 -1 -1 -1 -1 -1 -1 -1 -1 -1 -1 -1 -1 -1 -1 -1 -1 -1 -1 -1 -1 94999 94999 94999 94999 94999 94999 94999 94999
74999 71949 71299 71299 71299 71299 71299 71299 71299 71299 71299 71299 71299 71299 71299 71299 71299 71299 71299 71299 71299 71299 71299 71299 71949 71949 71949 72999 72999 72999 72999 72999 72999 72999 72999 72999 75999 75999 75999 75999 75999 75999 75999 75999 75999 75999 75999 75999 75999 75999 75999 75999 75999 75999 75999 75999 75999 75999 75999 75999 75999 75999 75999 75999 75999 75999 75999 75999 75999 75999 -1 -1 -1 -1 -1 -1 84999 84999 84999 83599 83599 83599 83599 83599 71249 71249 71249 71249 69112 69112 69112 69112 69112 69112 69112 69112 66974 66974 66974 66974 78583 78583 78583 78583 76911 76911 76911 76911 76911 76911 76911 76910 76910 76075 76075 76910 76910 76910 76910 76910 76910 73499 73499 73499 73499 73499 73499 73499 73499 71999 71999 71999 71999 71999 64295 64295 64295 64295
24800 24800 24800 23400 23400 23400 23400 23400 23400 23400 23400 23400 23400 23400 23400 23400 23400 23400 23400 23400 23400 23400 23400 23400 23400 23400 23400 23400 23400 23400 23400 23400 23400 23400 22500 22500 22500 22500 22500 22500 22500 22500 22500 22500 22500 20999 20999 20999 20999 20999 20999 20999 20999 20999 20999 20999 20999 20999 20999 20999 20999 20999 -1 -1 -1 -1 -1 -1 -1 -1 22999 30000 30000 27995 27995 27995 27995 27995 35649 35649 36249 -1 -1 -1 -1 -1 -1 -1 -1 -1 -1 -1 -1 -1 -1 -1 -1 -1 -1 -1 -1 -1 -1 -1 -1 -1 -1 -1 -1 -1 25597
10349 10349 10349 10349 10349 10349 10349 10349 10349 10349 10349 10349 10349 10349 10349 10349 10349 10349 10349 10349 10349 10349 10349 9999 9999 9999 9999 9999 9999 10349 10349 10349 10349 10349 10349 10349 10349 10349 10349 10349 9854 9854 9854 9854 9854 9854 9854 9854 9854 9460 9461 9461 9461 9461 -1 -1 -1 -1 -1 -1 -1 -1 -1 -1 -1 -1 -1 -1 -1 -1 -1 -1 -1 -1 -1 -1 -1 -1 -1 -1 -1 -1 -1 -1 -1 -1 -1 -1 -1 -1 -1 -1 -1 -1 -1 -1 9658 9658 9658 9658 9658 9658 9658 9658 9165 9165 9165 9165 9165 9165 9165 8870 8870 8870 8870 8870 8870 8870 8870 8870 8377 8377 8377 8377 8377 8377 8377 8377 7884 7884 7884 7884 7884 7884 7884 7884 7884 7391 7391 7391
14999 14999 14999 14999 14999 14999 14999 14999 14999 14999 14999 14999 14999 14999 14999 12999 12975 12950 12925 12899 12875 12875 12850 12825 12825 12799 12775 12725 12725 12699 12675 12650 12650 12625 12599 12599 12599 12575 12550 12525 12525 12525 12525 12499 12475 12450 12425 12399 12375 12375 12350 12325 12299 12275 12250 12225 12225 12225 12199 12175 12150 12125 12099 12099 12075 12050 12025 11999 11999 11975 11975 11950 11925 11899 11899 11899 11875 11875 11850 11825 11799 11775 11725 11725 11725 11699 11675 11650 11625 11599 11550 11550 11525 11499 11475 11450 11425 11375 11375 11350 11325 11299 11275 11250 11225 11225 11199 11199 11199 11175 11175 11150 11150 11125 11099 11075 11050 11025 10999 10999 10975 10975 10950 10925 10899 10875 10875 10850 10825 10799 10799 10795 10790 10790 10785 10785 10780 10775 10770
5219 5219 5219 5219 -1 -1 -1 -1 -1 -1 -1 -1 -1 -1 -1 -1 -1 -1 -1 -1 -1 -1 -1 -1 5719 5719 5719 5719 5719 5719 5279 5279 5279 5279 5279 5279 5279 5279 5279
13094 13094 13094 13094 13094 13094 13094 13094 13094 13094 13094 13094 13094 13094 13094 13094 13094 13094 13094 13094 13094 13094 13094 13094 13094 13094 13094 13094 13094 13094 13094 13094 13094 13094 13094 13094 13094 13094 13094 13094 13094 13094 13094 13094 13094 13094 13094 13094 7758 13094 13094 13094 13094 13094 13094 13094 13094 13094 13094 13094 13094 13094 13094 13094 13094 13094 13094 13094 13094 13094 13094 13094 13094 13094 13094 6524 6524 13094 13094 13094 13094 13094 13094 13094 13094 13094 13094 13094 13094 13094 13094 13094 13094 13094 13094 13094 13094 13094 13094 13094 13094 13094 13094 13094 13094 13094 13094 13094 13094 13094 5744 13094 13094 13094 13094 13094 13094 13094 13094 13094 13094 13094 13094 13094 13094 13094 13094 13094 13094 13094 13094 13094 13094 13094 13094 13094 13094 13094 13094 13094 13094 13094 13094 6423 6423 6423 13094 5474 5474 6423 10921 10921 5444
15629 15629 15629 15629 15629 15629 15629 15629 15629 15629 15629 15629 15629 15629 15629 15629 15629 15629 15629 15629 15629 15629 15629 15629 15629 15629 15629 7837 15629 7837 15629 15629 15629 9613 9613 9199 9199 15629 15629 7837 15629 15629 15629 15629 9199 15629 15629 15629 15629 15629 15629 7499 15629 15629 8799 15629 15629 15629 15629 15629 15629 9199 15629 15629 15629 15629 15629 8799 9199 9613 9613 9291 7837 8799 9163 9163 9163 15629 15629 15629 8567 15629 8470 7919 15629 15629 15629 7837 7837 7415 15629 7415 15629 8929 8929 9335 7919 9335 9528 9528 9528 15629 15629 15629 15629 15629 15629 15629 15629 15629 7680 7680 15629 15629 7499 7499 7499 15629 15629 15629 15629 15629 15629 15629 15629 15629 15629 9500 9500 9500 9500 9500 9500 9500 8929 9500 9500 8470 9500 9500 9500 9500 9500 8623 9500 9500 7349 7349 7349 7349 7349 7349 7349 7349 7349 7349 7349 7349 7349 8623 7349 7349 7349 7349 15629
62063 -1 -1 -1 -1 -1 -1 -1 -1 -1 -1 -1 -1 -1 -1 -1 -1 78687 78687 78687 78687 78687 78687 78687 70203 70203 70203 70203 70203 70203 70203 66508 66508 66508 66508 66508 66508 66508 62813 62813 62813 62813 62813 62813 62813 59118 59118 59118 59118 59118 59118 59118 55423 55423 55423 55423 55000 55000 55000 51729 51000 51000 51000 51000 51000 51000 51000 51000 51000 51000 51000 51000 51000 51000 51000 51000 51000 51000 51000 51000 51000 51000 51000 51000 51000 51000 51000 51000 51000 51000 51000 50836
24749 24749 24749 -1 -1 -1 -1 -1 -1 -1 -1 -1 -1 -1 -1 -1 -1 -1 -1 -1 -1 30197 -1 -1 -1 -1 -1 -1 -1 24370 23999 -1 -1 -1 -1 -1 -1 -1 -1 -1 -1 -1 -1 -1 -1 -1 -1 -1 -1 -1 -1 -1 -1 -1 -1 -1 -1 -1 -1 -1 29756 29756 29756 30482 30482 -1 -1 -1 -1 30482 31679 31679 32405 32405 26999 26999 30197 31679 31679 26399 -1 30482 -1 -1 -1 -1 -1 -1 -1 -1 -1 -1 -1 -1 -1 -1 -1 -1 -1 -1 -1 -1 -1 -1 -1 -1 -1 -1 -1 -1 -1 -1 -1 -1 -1 -1 -1 23861 42519 42519 42519 42519 42519 42519 42519 42519 42519 42519 42519 42519 42519 42519 42519 42519 42519 42519 32500 32500 32500 30900 30900 30900 30900 26399 24356 24356 24356 24356 24356 24356 24356 24356 24356 24374 24374 24374 24374 24299 24299 24299 24374 23999 24374 24374 24374 24374 24374
